40,7
40,6
40,5
40,4
40,3
40,2
40,1
40,0
39,5
39,4
39,3
39,2
39,1
39,0
38,148
38,147
38,145
38,144
38,143
38,142
38,141
38,140
38,139
38,137
38,64
38,10
38,9
38,5
38,4
38,3
38,2
38,1
38,0
37,4
37,3
37,2
37,1
37,0
36,8
36,7
36,6
36,5
36,4
36,3
36,2
36,1
36,0
35,5
35,4
35,3
35,2
35,1
35,0
34,4
34,3
34,2
34,1
34,0
33,5
33,4
33,3
33,2
33,1
33,0
32,5
32,4
32,3
32,2
32,1
32,0
31,5
31,4
31,3
31,2
31,1
31,0
30,5
30,4
30,3
30,2
30,1
30,0
29,6
29,5
29,4
29,3
29,2
29,1
29,0
4,3
2,5
2,4
2,3
2,2
2,1
2,0
1,3
0,410
0,324
0,243
0,9
0,0
0,1
0,431
0,300
0,430
0,299
0,429
0,298
0,428
0,297
0,427
0,296
0,426
0,295
0,425
0,294
0,424
0,293
0,423
0,292
0,422
0,291
0,421
0,290
0,420
0,289
0,419
0,288
0,418
0,287
0,417
0,286
0,416
0,285
0,415
0,284
0,414
0,283
0,413
0,282
0,412
0,281
0,411
0,280
0,409
0,279
0,408
0,278
0,407
0,277
0,406
0,276
0,405
0,275
0,404
0,274
0,403
0,273
0,402
0,272
0,401
0,271
0,466
0,270
0,449
0,269
0,398
0,268
0,397
0,267
0,396
0,266
0,395
0,265
0,394
0,264
0,393
0,263
0,477
0,262
0,481
0,261
0,476
0,260
0,475
0,259
0,480
0,258
0,465
0,257
0,464
0,256
0,463
0,255
0,474
0,254
0,491
0,253
0,473
0,252
0,462
0,251
0,380
0,250
0,461
0,249
0,460
0,248
0,332
0,247
0,490
0,246
0,459
0,245
0,458
0,244
0,373
0,242
0,457
0,241
0,371
0,240
0,370
0,239
0,447
0,238
0,479
0,237
0,441
0,236
0,369
0,235
0,368
0,234
0,494
0,233
0,487
0,232
0,340
0,231
0,489
0,230
0,456
0,229
0,455
0,228
0,367
0,227
0,454
0,226
0,453
0,225
0,452
0,224
0,358
0,223
0,354
0,222
0,353
0,221
0,327
0,220
0,472
0,219
0,451
0,218
0,217
0,450
0,216
0,215
0,448
0,214
0,213
0,212
0,478
0,211
0,469
0,210
0,209
0,486
0,208
0,468
0,207
0,471
0,206
0,488
0,205
0,204
0,322
0,203
0,485
0,202
0,317
0,201
0,440
0,200
0,351
0,199
0,484
0,198
0,320
0,197
0,316
0,196
0,483
0,195
0,482
0,194
0,437
0,193
0,439
0,192
0,363
0,63
0,446
0,62
0,315
0,61
0,445
0,60
0,314
0,59
0,444
0,58
0,312
0,57
0,311
0,56
0,348
0,55
0,334
0,54
0,493
0,53
0,326
0,52
0,470
0,51
0,50
0,492
0,49
0,48
0,361
0,47
0,377
0,46
0,307
0,45
0,467
0,6
0,5
0,304
0,303
0,306
0,305
0,302
0,12
0,10
0,8
0,11
0,4
0,2
0,3
0,7
